2 -0.38752483043433217 0.24656716430157474 20
3 -0.5758383584873525 0.13114944453882657 20
4 -0.6104894325491175 0.10210343652890214 20
5 -0.665858007828185 0.03821685608068435 20
6 -0.6555720274767297 0.029315541945376448 20
7 -0.6586099697660878 0.01800976422879184 20
8 -0.6579241740316077 0.00592902196603046 20
9 -0.6562793812605049 0.005755353549147529 20
10 -0.657391794705223 0.0025098510825652775 20
11 -0.6568555413525764 0.0013507072305720823 20
12 -0.6576379940965732 0.0012698843735293184 20
13 -0.6572256051361929 0.0004476938536259293 20
14 -0.6572544898747149 0.00022653070590730935 20
15 -0.6571927904545254 7.978871785809365e-05 20
16 -0.6572312169608404 0.00017312676727574452 20
17 -0.6572108813152036 6.231351136620548e-05 20
18 -0.6571987995348769 3.575265126616817e-05 20
19 -0.6572083767587273 2.3559561051359657e-05 20
20 -0.6571994049892076 8.728720021740511e-06 20
