2 -0.4485391897030377 0.2666256742119552 20
3 -0.5392970120706121 0.22067933032191583 20
4 -0.6710334150839848 0.10458323360895333 20
5 -0.6346673875525917 0.05949243087338514 20
6 -0.6451102963759637 0.04026472861916248 20
7 -0.6595476941451983 0.012933657914703951 20
8 -0.6535939375785688 0.014566748683535125 20
9 -0.6565983867207017 0.002545369995974165 20
10 -0.6572631903692265 0.0021898547555879726 20
11 -0.6575644996568297 0.001507417860152541 20
12 -0.6573297074738568 0.0004692679235724318 20
13 -0.6570631711530566 0.0003489997327508051 20
14 -0.6571185372418793 0.00020526503015291903 20
15 -0.6571946991859521 9.334577433933832e-05 20
16 -0.6571871546466262 3.538880964988873e-05 20
17 -0.657200122821162 2.4723004650685555e-05 20
18 -0.6572050244834086 1.3140850921661003e-05 20
19 -0.6572045408200002 8.781575524347278e-06 20
20 -0.657201173012093 1.0058417247172383e-05 20
