2 -0.6081820325010112 0.22845256327171284 20
3 -0.549002027770077 0.18133788382174015 20
4 -0.6317511292570139 0.09194910886177553 20
5 -0.6459752798311953 0.032227312916511666 20
6 -0.6346857173901965 0.05587875417679894 20
7 -0.6517365813408004 0.03277407349176134 20
8 -0.6594188780105184 0.007632556722112711 20
9 -0.6571862397931262 0.005430231153392514 20
10 -0.6568074562747377 0.0019781298768067274 20
11 -0.6562950943528887 0.002165427465992123 20
12 -0.657177872576699 0.0004996133729359238 20
13 -0.6570896598693172 0.0003276993470352829 20
14 -0.6571633231277288 0.00010680851152458828 20
15 -0.6571663164851813 7.37969865370827e-05 20
16 -0.6571878191788314 0.00012144994974538253 20
17 -0.6571903997724384 3.8914647936795865e-05 20
18 -0.6572071065598182 2.3836289083781666e-05 20
19 -0.6571984118739292 8.972141693392587e-06 20
20 -0.65720154072431 6.694733312808544e-06 20
